# TEMPERATURE = 2.500000e+01
# X W(GMIDP) W(INP) W(CGSP) W(CGSOP) W(CGDOP) W(CBDP) W(VEAP) W(VDSATP) W(GDSP)
0.00000000000e+00 4.26920225978e-01 1.83817722589e-13 1.14576422686e-04 2.13427612410e-10 1.96984740221e-10 4.14308947022e-10 6.31033820991e+02 -3.57991326106e-02 2.99585823231e-16
1.00000000000e-02 5.92010986060e-01 1.81754496835e-13 1.15049694595e-04 2.13812558444e-10 1.97270982201e-10 4.14308940091e-10 4.55054418259e+02 -3.57991329400e-02 4.10779103434e-16
2.00000000000e-02 8.18943368355e-01 1.80150411459e-13 1.15567125642e-04 2.14182093928e-10 1.97564333430e-10 4.14308933290e-10 3.28951518230e+02 -3.57991333917e-02 5.63235314084e-16
3.00000000000e-02 1.12924359106e+00 1.79129841199e-13 1.16136604206e-04 2.14535683946e-10 1.97864990198e-10 4.14308926604e-10 2.38555559517e+02 -3.57991340110e-02 7.72262438683e-16
4.00000000000e-02 1.55054794121e+00 1.78865980778e-13 1.16767295849e-04 2.14872958366e-10 1.98173146665e-10 4.14308919940e-10 1.73732841256e+02 -3.57991348601e-02 1.05884487638e-15
5.00000000000e-02 2.11726093856e+00 1.79591306339e-13 1.17469779323e-04 2.15193708592e-10 1.98488993189e-10 4.14308913068e-10 1.27227491096e+02 -3.57991360242e-02 1.45174674142e-15
6.00000000000e-02 2.87010505343e+00 1.81633609241e-13 1.18256185570e-04 2.15497880195e-10 1.98812714377e-10 4.14308905558e-10 9.38520520801e+01 -3.57991376203e-02 1.99039353969e-15
7.00000000000e-02 3.85407604840e+00 1.85435756533e-13 1.19140337039e-04 2.15785562083e-10 1.99144486816e-10 4.14308896683e-10 6.98884087988e+01 -3.57991398084e-02 2.72881969698e-15
8.00000000000e-02 5.11322540630e+00 1.91611485228e-13 1.20137884072e-04 2.16056972964e-10 1.99484476453e-10 4.14308885293e-10 5.26758568474e+01 -3.57991428082e-02 3.74107523267e-15
9.00000000000e-02 6.68198703237e+00 2.00998871816e-13 1.21266434766e-04 2.16312445916e-10 1.99832835592e-10 4.14308869642e-10 4.03068457033e+01 -3.57991469205e-02 5.12862943225e-15
1.00000000000e-01 8.57286220854e+00 2.14749835577e-13 1.22545674925e-04 2.16552411862e-10 2.00189699464e-10 4.14308847172e-10 3.14146861643e+01 -3.57991525575e-02 7.03050672503e-15
1.10000000000e-01 1.07633455851e+01 2.34446376654e-13 1.23997475795e-04 2.16777382678e-10 2.00555182364e-10 4.14308814228e-10 2.50196370584e+01 -3.57991602843e-02 9.63715919684e-15
1.20000000000e-01 1.31879273719e+01 2.62249360779e-13 1.25645989711e-04 2.16987934584e-10 2.00929373298e-10 4.14308765711e-10 2.04181463138e+01 -3.57991708747e-02 1.32094471049e-14
1.30000000000e-01 1.57400108976e+01 3.01126345898e-13 1.27517737961e-04 2.17184692322e-10 2.01312331148e-10 4.14308694636e-10 1.71059174925e+01 -3.57991853888e-02 1.81045983564e-14
1.40000000000e-01 1.82881851487e+01 3.55142177342e-13 1.29641701520e-04 2.17368314520e-10 2.01704079335e-10 4.14308591619e-10 1.47208298347e+01 -3.57992052788e-02 2.48116972850e-14
1.50000000000e-01 2.07020701532e+01 4.29860009174e-13 1.32049433893e-04 2.17539480508e-10 2.02104599995e-10 4.14308444253e-10 1.30026657155e+01 -3.57992325324e-02 3.40001755667e-14
1.60000000000e-01 2.28772044456e+01 5.32900409307e-13 1.34775225980e-04 2.17698878729e-10 2.02513827688e-10 4.14308236404e-10 1.17645922037e+01 -3.57992698713e-02 4.65860286505e-14
1.70000000000e-01 2.47504504203e+01 6.74689932681e-13 1.37856364891e-04 2.17847196826e-10 2.02931642703e-10 4.14307947419e-10 1.08722431687e+01 -3.57993210198e-02 6.38221728895e-14
1.80000000000e-01 2.63011945117e+01 8.69497964853e-13 1.41333540760e-04 2.17985113351e-10 2.03357864040e-10 4.14307551253e-10 1.02290693733e+01 -3.57993910730e-02 8.74216419801e-14
1.90000000000e-01 2.75427351270e+01 1.13683739075e-12 1.45251466238e-04 2.18113291046e-10 2.03792242183e-10 4.14307015556e-10 9.76559220994e+00 -3.57994869984e-02 1.19725394706e-13
2.00000000000e-01 2.85004609270e+01 1.50334648902e-12 1.48768467913e-04 2.18232371556e-10 2.04234451839e-10 4.14306300782e-10 9.43182834460e+00 -3.57996183081e-02 1.63926706309e-13
2.10000000000e-01 2.92163945519e+01 2.00515670156e-12 1.51928393512e-04 2.18342971437e-10 2.04684084847e-10 4.14305359683e-10 9.19189631446e+00 -3.57997979015e-02 2.24351880811e-13
2.20000000000e-01 2.97436567684e+01 2.69158900414e-12 1.55712300779e-04 2.18445679299e-10 2.05140643516e-10 4.14304135982e-10 9.01981682615e+00 -3.58000433878e-02 3.06900461049e-13
2.30000000000e-01 3.01220718149e+01 3.62982900161e-12 1.60190860405e-04 2.18541053924e-10 2.05603534711e-10 4.14302563674e-10 8.89692857447e+00 -3.58003787498e-02 4.19597194414e-13
2.40000000000e-01 3.03850103938e+01 4.91123749277e-12 1.65447075877e-04 2.18629623198e-10 2.06072065034e-10 4.14300566418e-10 8.80980949902e+00 -3.58008366000e-02 5.73338270227e-13
2.50000000000e-01 3.05590335492e+01 6.65991605376e-12 1.71579514061e-04 2.18711883727e-10 2.06545437510e-10 4.14298057046e-10 8.74883619081e+00 -3.58014612319e-02 7.82897639116e-13
2.60000000000e-01 3.06645832033e+01 9.04420530807e-12 1.78706163773e-04 2.18788300984e-10 2.07022750180e-10 4.14294937275e-10 8.70711091599e+00 -3.58023127222e-02 1.06827446892e-12
2.70000000000e-01 3.07169082667e+01 1.22921225047e-11 1.86968971646e-04 2.18859309889e-10 2.07502997037e-10 4.14291097716e-10 8.67971703079e+00 -3.58034724282e-02 1.45649107052e-12
2.80000000000e-01 3.07271182570e+01 1.67119716903e-11 1.96539111315e-04 2.18925315715e-10 2.07985071705e-10 4.14286418266e-10 8.66316178123e+00 -3.58050503301e-02 1.98398223913e-12
2.90000000000e-01 3.07030579726e+01 2.27198119280e-11 2.07623049519e-04 2.18986695226e-10 2.08467774178e-10 4.14280769009e-10 8.65499361717e+00 -3.58071947998e-02 2.69975586632e-12
3.00000000000e-01 3.06500716007e+01 3.08758677104e-11 2.20469476493e-04 2.19043797989e-10 2.08949820884e-10 4.14274011815e-10 8.65351774437e+00 -3.58101055371e-02 3.66955157812e-12
3.10000000000e-01 3.05715894137e+01 4.19325992137e-11 2.35377162500e-04 2.19096947788e-10 2.09429858164e-10 4.14266002863e-10 8.65759787907e+00 -3.58140506130e-02 4.98127922173e-12
3.20000000000e-01 3.04695988707e+01 5.68977928355e-11 2.52703781275e-04 2.19146444101e-10 2.09906479100e-10 4.14256596363e-10 8.66651025096e+00 -3.58193887834e-02 6.75208153641e-12
3.30000000000e-01 3.03450030262e+01 7.71168798338e-11 2.72875698163e-04 2.19192563597e-10 2.10378243435e-10 4.14245649859e-10 8.67984056280e+00 -3.58265984974e-02 9.13743320376e-12
3.40000000000e-01 3.01979060572e+01 1.04379583595e-10 2.96398648990e-04 2.19235561625e-10 2.10843700095e-10 4.14233031520e-10 8.69740855125e+00 -3.58363152948e-02 1.23427576686e-11
3.50000000000e-01 3.00278415600e+01 1.41057031736e-10 3.23869127601e-04 2.19275673669e-10 2.11301411635e-10 4.14218629931e-10 8.71921394290e+00 -3.58493795559e-02 1.66381072760e-11
3.60000000000e-01 2.98339678391e+01 1.90276515396e-10 3.55986146573e-04 2.19313116765e-10 2.11749979732e-10 4.14202366962e-10 8.74539635286e+00 -3.58668967841e-02 2.23765024776e-11
3.70000000000e-01 2.96152437501e+01 2.56142148615e-10 3.93562826445e-04 2.19348090851e-10 2.12188070731e-10 4.14184214314e-10 8.77620521951e+00 -3.58903127100e-02 3.00165511858e-11
3.80000000000e-01 2.93706006528e+01 3.44010628042e-10 4.37536992449e-04 2.19380780049e-10 2.12614440150e-10 4.14164214398e-10 8.81197534538e+00 -3.59215054267e-02 4.01499584478e-11
3.90000000000e-01 2.90991116659e+01 4.60832204536e-10 4.88979604433e-04 2.19411353884e-10 2.13027955091e-10 4.14142506100e-10 8.85310754520e+00 -3.59628963743e-02 5.35344807879e-11
4.00000000000e-01 2.88001670100e+01 6.15567601221e-10 5.49099412555e-04 2.19439968421e-10 2.13427613564e-10 4.14119355878e-10 8.90005110199e+00 -3.60175811770e-02 7.11327775322e-11
4.10000000000e-01 2.84736495475e+01 8.19692293764e-10 6.19241732681e-04 2.19466767333e-10 2.13812559921e-10 4.14095194289e-10 8.95328817109e+00 -3.60894799563e-02 9.41574747883e-11
4.20000000000e-01 2.81201022054e+01 1.08780033693e-09 7.00878716396e-04 2.19491882892e-10 2.14182095807e-10 4.14070657616e-10 9.01331989086e+00 -3.61835047110e-02 1.24122615264e-10
4.30000000000e-01 2.77408709157e+01 1.43832133145e-09 7.95588044564e-04 2.19515436893e-10 2.14535686319e-10 4.14046633544e-10 9.08065510986e+00 -3.63057386303e-02 1.62901563916e-10
4.40000000000e-01 2.73382046895e+01 1.89436648143e-09 9.05016755562e-04 2.19537541503e-10 2.14872961343e-10 4.14024308966e-10 9.15580192707e+00 -3.64636189164e-02 2.12791426254e-10
4.50000000000e-01 2.69152836854e+01 2.48472411997e-09 1.03082714727e-03 2.19558300052e-10 2.15193712300e-10 4.14005217005e-10 9.23926469057e+00 -3.66661110981e-02 2.76584144543e-10
4.60000000000e-01 2.64761485303e+01 3.24503151559e-09 1.17462262033e-03 2.19577807759e-10 2.15497884781e-10 4.13991279329e-10 9.33154832663e+00 -3.69238594225e-02 3.57644641826e-10
4.70000000000e-01 2.60255095218e+01 4.21915808434e-09 1.33785318783e-03 2.19596152399e-10 2.15785567715e-10 4.13984839021e-10 9.43317141254e+00 -3.72492953681e-02 4.59996561360e-10
4.80000000000e-01 2.55684280409e+01 5.46084354925e-09 1.52170326320e-03 2.19613414918e-10 2.16056979833e-10 4.13988678973e-10 9.54468791838e+00 -3.76566853447e-02 5.88416056272e-10
4.90000000000e-01 2.51098816249e+01 7.03564019360e-09 1.72696810134e-03 2.19629669994e-10 2.16312454237e-10 4.14006021117e-10 9.66671607377e+00 -3.81620998465e-02 7.48533379785e-10
5.00000000000e-01 2.46542510099e+01 9.02320577774e-09 1.95392940161e-03 2.19644986558e-10 2.16552421875e-10 4.14040503095e-10 9.79997004306e+00 -3.87832899645e-02 9.46940359639e-10
5.10000000000e-01 2.42047931193e+01 1.15199772670e-08 2.20224421005e-03 2.19659428265e-10 2.16777394652e-10 4.14096131114e-10 9.94528788307e+00 -3.95394630304e-02 1.19129899797e-09
5.20000000000e-01 2.37631829526e+01 1.46422195261e-08 2.47086327510e-03 2.19673053928e-10 2.16987948817e-10 4.14177210571e-10 1.01036477865e+01 -4.04509565282e-02 1.49044251022e-09
5.30000000000e-01 2.33292112969e+01 1.85293845541e-08 2.75799436947e-03 2.19685917916e-10 2.17184709142e-10 4.14288259128e-10 1.02761648989e+01 -4.15388171963e-02 1.85445561566e-09
5.40000000000e-01 2.29007096414e+01 2.33476368222e-08 3.06112220687e-03 2.19698070515e-10 2.17368334287e-10 4.14433909635e-10 1.04640631944e+01 -4.28242993741e-02 2.29471676627e-09
5.50000000000e-01 2.24737385576e+01 2.92933062072e-08 3.37708967807e-03 2.19709558264e-10 2.17539503614e-10 4.14618812159e-10 1.06686208364e+01 -4.43283023920e-02 2.82388251451e-09
5.60000000000e-01 2.20430283977e+01 3.65959349598e-08 3.70223635697e-03 2.19720424256e-10 2.17698905599e-10 4.14847544841e-10 1.08910919115e+01 -4.60707709590e-02 3.45579472502e-09
5.70000000000e-01 2.16026126483e+01 4.55205078700e-08 4.03258143924e-03 2.19730708420e-10 2.17847227914e-10 4.15124542287e-10 1.11326113315e+01 -4.80700853876e-02 4.20529595348e-09
5.80000000000e-01 2.11465578102e+01 5.63684160857e-08 4.36403150165e-03 2.19740447770e-10 2.17985149138e-10 4.15454047951e-10 1.13940918549e+01 -5.03424705644e-02 5.08794758674e-09
5.90000000000e-01 2.06696783353e+01 6.94767248649e-08 4.69259026370e-03 2.19749676645e-10 2.18113332031e-10 4.15840093910e-10 1.16761223697e+01 -5.29014540476e-02 6.11965886072e-09
6.00000000000e-01 2.01681337832e+01 8.52154073679e-08 5.01454848331e-03 2.19758426914e-10 2.18232418250e-10 4.16286508163e-10 1.19788751689e+01 -5.57574042261e-02 7.31625103771e-09
6.10000000000e-01 1.96398337467e+01 1.03982372199e-07 5.32663671126e-03 2.19766728181e-10 2.18343024352e-10 4.16796946796e-10 1.23020277936e+01 -5.89171782534e-02 8.69299701594e-09
6.20000000000e-01 1.90846152135e+01 1.26196338089e-07 5.62613050614e-03 2.19774607955e-10 2.18445738933e-10 4.17374946333e-10 1.26447029714e+01 -6.23839054356e-02 1.02641888572e-08
6.30000000000e-01 1.85041967593e+01 1.52287864418e-07 5.91090517156e-03 2.19782091818e-10 2.18541120750e-10 4.18023990589e-10 1.30054287125e+01 -6.61569242326e-02 1.20427906582e-08
6.40000000000e-01 1.79019460784e+01 1.82689088433e-07 6.17944360284e-03 2.19789203575e-10 2.18629697649e-10 4.18747586258e-10 1.33821197380e+01 -7.02318801435e-02 1.40402296292e-08
6.50000000000e-01 1.72825171896e+01 2.17822903287e-07 6.43080544660e-03 2.19795965390e-10 2.18711966180e-10 4.19549342164e-10 1.37720808587e+01 -7.46009786659e-02 1.62663642021e-08
6.60000000000e-01 1.66514204108e+01 2.58092397992e-07 6.66456815357e-03 2.19802397912e-10 2.18788391752e-10 4.20433048169e-10 1.41720322899e+01 -7.92533741711e-02 1.87296470340e-08
6.70000000000e-01 1.60145838300e+01 3.03871353150e-07 6.88075085777e-03 2.19808520391e-10 2.18859409210e-10 4.21402751026e-10 1.45781559900e+01 -8.41756641810e-02 2.14374774351e-08
6.80000000000e-01 1.53779530860e+01 3.55496451363e-07 7.07973087963e-03 2.19814350784e-10 2.18925423743e-10 4.22462825695e-10 1.49861609363e+01 -8.93524510298e-02 2.43967171518e-08
6.90000000000e-01 1.47471607490e+01 4.13261647090e-07 7.26216066320e-03 2.19819905851e-10 2.18986812031e-10 4.23618041643e-10 1.53913639855e+01 -9.47669302914e-02 2.76143297731e-08
7.00000000000e-01 1.41272808718e+01 4.77414889803e-07 7.42889068101e-03 2.19825201243e-10 2.19043923554e-10 4.24873624453e-10 1.57887818930e+01 -1.00401467621e-01 3.10980994346e-08
7.10000000000e-01 1.35226708359e+01 5.48157150662e-07 7.58090168656e-03 2.19830251589e-10 2.19097082014e-10 4.26235313578e-10 1.61732294229e+01 -1.06238131866e-01 3.48573887571e-08
7.20000000000e-01 1.29368927390e+01 6.25643502777e-07 7.71924789856e-03 2.19835070563e-10 2.19146586810e-10 4.27709417384e-10 1.65394184144e+01 -1.12259160924e-01 3.89039069801e-08
7.30000000000e-01 1.23727006013e+01 7.09985869061e-07 7.84501135693e-03 2.19839670959e-10 2.19192714540e-10 4.29302866763e-10 1.68820531883e+01 -1.18447346288e-01 4.32524740473e-08
7.40000000000e-01 1.18320771695e+01 8.01256985490e-07 7.95926678745e-03 2.19844064756e-10 2.19235720491e-10 4.31023268581e-10 1.71959186741e+01 -1.24786331044e-01 4.79217820605e-08
7.50000000000e-01 1.13163042573e+01 8.99495123358e-07 8.06305578592e-03 2.19848263168e-10 2.19275840097e-10 4.32878960211e-10 1.74759589305e+01 -1.31260823408e-01 5.29351698809e-08
7.60000000000e-01 1.08260524459e+01 1.00470915657e-06 8.15736889459e-03 2.19852276709e-10 2.19313290350e-10 4.34879066236e-10 1.77173451348e+01 -1.37856733209e-01 5.83214386439e-08
7.70000000000e-01 1.03614787227e+01 1.11688363116e-06 8.24313410698e-03 2.19856115233e-10 2.19348271155e-10 4.37033558349e-10 1.79155334310e+01 -1.44561241975e-01 6.41157454148e-08
7.80000000000e-01 9.92232360233e+00 1.23598357734e-06 8.32121042763e-03 2.19859787987e-10 2.19380966613e-10 4.39353319321e-10 1.80663141433e+01 -1.51362818768e-01 7.03606197398e-08
7.90000000000e-01 9.50800203554e+00 1.36195888688e-06 8.39238527218e-03 2.19863303650e-10 2.19411546232e-10 4.41850211819e-10 1.81658546687e+01 -1.58251194013e-01 7.71071543767e-08
8.00000000000e-01 9.11768472079e+00 1.49474815141e-06 8.45737468061e-03 2.19866670372e-10 2.19440166073e-10 4.44537152769e-10 1.82107388507e+01 -1.65217302668e-01 8.44164281019e-08
8.10000000000e-01 8.75036822018e+00 1.63428191665e-06 8.51682550518e-03 2.19869895813e-10 2.19466969808e-10 4.47428193870e-10 1.81980057821e+01 -1.72253206657e-01 9.23612261966e-08
8.20000000000e-01 8.40493355931e+00 1.78048535161e-06 8.57131890923e-03 2.19872987173e-10 2.19492089715e-10 4.50538608810e-10 1.81251908136e+01 -1.79352004811e-01 1.01028133891e-07
8.30000000000e-01 8.08019383150e+00 1.93328036235e-06 8.62137466597e-03 2.19875951225e-10 2.19515647598e-10 4.53884987667e-10 1.79903710812e+01 -1.86507736837e-01 1.10520090407e-07
8.40000000000e-01 7.77493182183e+00 2.09258719747e-06 8.66745587430e-03 2.19878794342e-10 2.19537755640e-10 4.57485338936e-10 1.77922171253e+01 -1.93715286259e-01 1.20959506867e-07
8.50000000000e-01 7.48792890581e+00 2.25832560181e-06 8.70997381339e-03 2.19881522528e-10 2.19558517189e-10 4.61359199538e-10 1.75300511873e+01 -2.00970285901e-01 1.32492070559e-07
8.60000000000e-01 7.21798654153e+00 2.43041557581e-06 8.74929273997e-03 2.19884141437e-10 2.19578027484e-10 4.65527753137e-10 1.72039115449e+01 -2.08269028328e-01 1.45291381178e-07
8.70000000000e-01 6.96394162603e+00 2.60877779512e-06 8.78573449638e-03 2.19886656397e-10 2.19596374321e-10 4.70013956991e-10 1.68146208262e+01 -2.15608382750e-01 1.59564591383e-07
8.80000000000e-01 6.72467687395e+00 2.79333373838e-06 8.81958284555e-03 2.19889072436e-10 2.19613638668e-10 4.74842677459e-10 1.63638546722e+01 -2.22985719205e-01 1.75559253889e-07
8.90000000000e-01 6.49912723425e+00 2.98400556308e-06 8.85108748494e-03 2.19891394295e-10 2.19629895230e-10 4.80040834202e-10 1.58542054829e+01 -2.30398840299e-01 1.93571608647e-07
9.00000000000e-01 6.28628320978e+00 3.18071576045e-06 8.88046771712e-03 2.19893626451e-10 2.19645212959e-10 4.85637552911e-10 1.52892344326e+01 -2.37845920436e-01 2.13956573673e-07
9.10000000000e-01 6.08519180138e+00 3.38338661112e-06 8.90791577308e-03 2.19895773130e-10 2.19659655534e-10 4.91664326260e-10 1.46735036587e+01 -2.45325452217e-01 2.37139726765e-07
9.20000000000e-01 5.89495566883e+00 3.59193945489e-06 8.93359979647e-03 2.19897838327e-10 2.19673281795e-10 4.98155182504e-10 1.40125797684e+01 -2.52836199529e-01 2.63631574385e-07
9.30000000000e-01 5.71473099252e+00 3.80629377997e-06 8.95766650507e-03 2.19899825818e-10 2.19686146131e-10 5.05146860872e-10 1.33129998453e+01 -2.60377156767e-01 2.94044385750e-07
9.40000000000e-01 5.54372443221e+00 4.02636613042e-06 8.98024355077e-03 2.19901739173e-10 2.19698298854e-10 5.12678992564e-10 1.25821922357e+01 -2.67947513591e-01 3.29111805730e-07
9.50000000000e-01 5.38118951486e+00 4.25206882576e-06 9.00144160165e-03 2.19903581772e-10 2.19709786525e-10 5.20794285706e-10 1.18283467505e+01 -2.75546624630e-01 3.69711322839e-07
9.60000000000e-01 5.22642274179e+00 4.48330848396e-06 9.02135617104e-03 2.19905356811e-10 2.19720652259e-10 5.29538712141e-10 1.10602325678e+01 -2.83173983546e-01 4.16889423104e-07
9.70000000000e-01 5.07875968592e+00 4.71998434028e-06 9.04006921823e-03 2.19907067321e-10 2.19730936006e-10 5.38961693353e-10 1.02869669119e+01 -2.90829200929e-01 4.71888863596e-07
9.80000000000e-01 4.93757135041e+00 4.96198635955e-06 9.05765054474e-03 2.19908716170e-10 2.19740674800e-10 5.49116282100e-10 9.51774306734e+00 -2.98511985528e-01 5.36176904066e-07
9.90000000000e-01 4.80226107782e+00 5.20919315156e-06 9.07415900914e-03 2.19910306078e-10 2.19749902998e-10 5.60059335577e-10 8.76153181548e+00 -3.06222128363e-01 6.11472502707e-07
1.00000000000e+00 4.67226232486e+00 5.46146971883e-06 9.08964358169e-03 2.19911839624e-10 2.19758652489e-10 5.71851675056e-10 8.02677509479e+00 -3.13959489329e-01 6.99769402530e-07
1.01000000000e+00 4.54703764059e+00 5.71866509515e-06 9.10414425924e-03 2.19913319254e-10 2.19766952890e-10 5.84558225939e-10 7.32109373205e+00 -3.21723985921e-01 8.03350761663e-07
1.02000000000e+00 4.42607918313e+00 5.98060997252e-06 9.11769285883e-03 2.19914747292e-10 2.19774831725e-10 5.98248131132e-10 6.65103175869e+00 -3.29515583785e-01 9.24789675400e-07
1.03000000000e+00 4.30891105528e+00 6.24711446177e-06 9.13031370781e-03 2.19916125940e-10 2.19782314588e-10 6.12994829506e-10 6.02185773983e+00 -3.37334288804e-01 1.06692891512e-06
1.04000000000e+00 4.19509360112e+00 6.51796618349e-06 9.14202424660e-03 2.19917457294e-10 2.19789425293e-10 6.28876090052e-10 5.43743878435e+00 -3.45180140480e-01 1.23283295700e-06
1.05000000000e+00 4.08422955928e+00 6.79292893270e-06 9.15283555975e-03 2.19918743343e-10 2.19796186013e-10 6.45973991204e-10 4.90019602554e+00 -3.53053206404e-01 1.42570650377e-06
1.06000000000e+00 3.97597161198e+00 7.07174218832e-06 9.16275284965e-03 2.19919985977e-10 2.19802617401e-10 6.64374833711e-10 4.41114230405e+00 -3.60953577624e-01 1.64877678707e-06
1.07000000000e+00 3.87003044422e+00 7.35412173198e-06 9.17177586704e-03 2.19921186996e-10 2.19808738710e-10 6.84168974501e-10 3.96999470319e+00 -3.68881364755e-01 1.90514221553e-06
1.08000000000e+00 3.76618202684e+00 7.63976158438e-06 9.17989931131e-03 2.19922348111e-10 2.19814567900e-10 7.05450568293e-10 3.57534763577e+00 -3.76836694693e-01 2.19759695118e-06
1.09000000000e+00 3.66427260236e+00 7.92833735487e-06 9.18711321345e-03 2.19923470949e-10 2.19820121729e-10 7.28317203300e-10 3.22488731402e+00 -3.84819707812e-01 2.52844837578e-06
1.10000000000e+00 3.56421992164e+00 8.21951093895e-06 9.19340331392e-03 2.19924557061e-10 2.19825415850e-10 7.52869417481e-10 2.91562623830e+00 -3.92830555572e-01 2.89934997480e-06
1.11000000000e+00 3.46600973096e+00 8.51293631480e-06 9.19875144676e-03 2.19925607922e-10 2.19830464888e-10 7.79210082412e-10 2.64413695149e+00 -4.00869398457e-01 3.31117361297e-06
1.12000000000e+00 3.36968729146e+00 8.80826602228e-06 9.20313594105e-03 2.19926624939e-10 2.19835282516e-10 8.07443643269e-10 2.40676738818e+00 -4.08936404204e-01 3.76394109151e-06
1.13000000000e+00 3.27534463842e+00 9.10515779967e-06 9.20653204952e-03 2.19927609451e-10 2.19839881526e-10 8.37675205658e-10 2.19982497098e+00 -4.17031746290e-01 4.25682564929e-06
1.14000000000e+00 3.18310508875e+00 9.40328083215e-06 9.20891241310e-03 2.19928562737e-10 2.19844273894e-10 8.70009463302e-10 2.01972220254e+00 -4.25155602648e-01 4.78822203004e-06
1.15000000000e+00 3.09310694579e+00 9.70232113775e-06 9.21024756861e-03 2.19929486013e-10 2.19848470834e-10 9.04549464996e-10 1.86308188663e+00 -4.33308154620e-01 5.35587231967e-06
1.16000000000e+00 3.00548832650e+00 1.00019857602e-05 9.21050650487e-03 2.19930380442e-10 2.19852482859e-10 9.41395224818e-10 1.72680450018e+00 -4.41489586094e-01 5.95702706911e-06
1.17000000000e+00 2.92037460860e+00 1.03020056147e-05 9.20965727003e-03 2.19931247132e-10 2.19856319823e-10 9.80642186304e-10 1.60810318967e+00 -4.49700082849e-01 6.58861881782e-06
1.18000000000e+00 2.83786934266e+00 1.06021370015e-05 9.20766763039e-03 2.19932087142e-10 2.19859990973e-10 1.02237955897e-09 1.50451331644e+00 -4.57939832047e-01 7.24742766288e-06
1.19000000000e+00 2.75804880594e+00 1.09021619363e-05 9.20450577728e-03 2.19932901482e-10 2.19863504989e-10 1.06668855410e-09 1.41388365595e+00 -4.66209021872e-01 7.93022423889e-06
1.20000000000e+00 2.68095984654e+00 1.12018875209e-05 9.20014107565e-03 2.19933691118e-10 2.19866870024e-10 1.11364055540e-09 1.33435565674e+00 -4.74507841290e-01 8.63388222095e-06
