# TEMPERATURE = 2.500000e+01
# X W(GMIDP) W(INP) W(CGSP) W(CGSOP) W(CGDOP) W(CBDP) W(VEAP) W(VDSATP) W(GDSP)
0.00000000000e+00 3.36351790898e+01 2.12165833279e-11 2.36503470846e-04 2.48838285508e-10 2.29347989118e-10 2.90051107408e-10 1.70978327077e+00 -4.00806109451e-02 1.27620633870e-11
1.00000000000e-02 3.36370028182e+01 2.96943636177e-11 2.47697915588e-04 2.49294575138e-10 2.29687281501e-10 2.90060469380e-10 1.70735100877e+00 -4.00824986785e-02 1.78870087841e-11
2.00000000000e-02 3.36145831397e+01 4.15579423681e-11 2.61580410553e-04 2.49732598113e-10 2.30035000724e-10 2.90071046865e-10 1.70575116559e+00 -4.00851396012e-02 2.50567576908e-11
3.00000000000e-02 3.35716753996e+01 5.81447445620e-11 2.79214959861e-04 2.50151720378e-10 2.30391379461e-10 2.90083094341e-10 1.70473173296e+00 -4.00888310356e-02 3.50784936030e-11
4.00000000000e-02 3.35102263294e+01 8.13117256655e-11 3.02036963493e-04 2.50551503201e-10 2.30756647858e-10 2.90096942574e-10 1.70412881144e+00 -4.00939855969e-02 4.90723970424e-11
5.00000000000e-02 3.34308823083e+01 1.13631653295e-10 3.31953596881e-04 2.50931699323e-10 2.31131031559e-10 2.90113022058e-10 1.70384055496e+00 -4.01011745630e-02 6.85893816858e-11
6.00000000000e-02 3.33333376464e+01 1.58660193920e-10 3.71452152482e-04 2.51292244223e-10 2.31514749392e-10 2.90131892539e-10 1.70381082924e+00 -4.01111867065e-02 9.57708010453e-11
7.00000000000e-02 3.32165883889e+01 2.21297323809e-10 4.23698177260e-04 2.51633243285e-10 2.31908010684e-10 2.90154279054e-10 1.70401915959e+00 -4.01251075632e-02 1.33563626312e-10
8.00000000000e-02 3.30791212974e+01 3.08273345813e-10 4.92587411922e-04 2.51954955743e-10 2.32311012150e-10 2.90181113841e-10 1.70447569021e+00 -4.01444253773e-02 1.86008023451e-10
9.00000000000e-02 3.29190726246e+01 4.28797808923e-10 5.82693038308e-04 2.52257776402e-10 2.32723934342e-10 2.90213581361e-10 1.70521981225e+00 -4.01711713318e-02 2.58617971577e-10
1.00000000000e-01 3.27343749137e+01 5.95419065456e-10 6.99033160844e-04 2.52542216040e-10 2.33146937585e-10 2.90253160466e-10 1.70632206110e+00 -4.02081030036e-02 3.58879163837e-10
1.10000000000e-01 3.25216729298e+01 8.25152484609e-10 8.46528607079e-04 2.52808881391e-10 2.33580157395e-10 2.90301654101e-10 1.70788893668e+00 -4.02589409204e-02 4.96890964840e-10
1.20000000000e-01 3.22638342722e+01 1.14083436218e-09 1.02843920768e-03 2.53058455457e-10 2.34023699328e-10 2.90361174821e-10 1.71006967140e+00 -4.03286435106e-02 6.86112453948e-10
1.30000000000e-01 3.19760469469e+01 1.57299405452e-09 1.24813937037e-03 2.53291678751e-10 2.34477633255e-10 2.90434125419e-10 1.71306651038e+00 -4.04237761927e-02 9.44363883902e-10
1.40000000000e-01 3.16572525205e+01 2.16229480408e-09 1.50596416059e-03 2.53509331948e-10 2.34941987040e-10 2.90523152066e-10 1.71714798255e+00 -4.05529700624e-02 1.29507134504e-09
1.50000000000e-01 3.13071302986e+01 2.96244479946e-09 1.79975435761e-03 2.53712220259e-10 2.35416739644e-10 2.90631050223e-10 1.72266348530e+00 -4.07274230767e-02 1.76862733071e-09
1.60000000000e-01 3.09262743290e+01 4.04387693070e-09 2.12508513439e-03 2.53901159696e-10 2.35901813681e-10 2.90760679503e-10 1.73005961907e+00 -4.09614694294e-02 2.40393861666e-09
1.70000000000e-01 3.05162904376e+01 5.49828732122e-09 2.47586174484e-03 2.54076965313e-10 2.36397067498e-10 2.90914896179e-10 1.73989660687e+00 -4.12731757816e-02 3.25005344777e-09
1.80000000000e-01 3.00797503172e+01 7.44418961173e-09 2.84505004031e-03 2.54240441386e-10 2.36902286863e-10 2.91096513454e-10 1.75286256748e+00 -4.16849110490e-02 4.36773291180e-09
1.90000000000e-01 2.96199347614e+01 1.00336607694e-08 3.22534655266e-03 2.54392373446e-10 2.37417176426e-10 2.91308289261e-10 1.76978248976e+00 -4.22238106781e-02 5.83077164757e-09
2.00000000000e-01 2.91403161315e+01 1.34604560818e-08 3.60969859594e-03 2.54533522007e-10 2.37941351131e-10 2.91552935196e-10 1.79161781875e+00 -4.29220311340e-02 7.72682214272e-09
2.10000000000e-01 2.86437804162e+01 1.79696245352e-08 3.99166797522e-03 2.54664617843e-10 2.38474327834e-10 2.91833139146e-10 1.81945202890e+00 -4.38166726087e-02 1.01574549941e-08
2.20000000000e-01 2.81316772692e+01 2.38686092425e-08 4.36566436670e-03 2.54786358593e-10 2.39015517438e-10 2.92151595921e-10 1.85445775183e+00 -4.49492469426e-02 1.32372168773e-08
2.30000000000e-01 2.76028971404e+01 3.15395081692e-08 4.72707510089e-03 2.54899406532e-10 2.39564217905e-10 2.92511042419e-10 1.89784243443e+00 -4.63645929479e-02 1.70915432026e-08
2.40000000000e-01 2.70532690440e+01 4.14516512989e-08 5.07231092706e-03 2.55004387310e-10 2.40119608575e-10 2.92914295476e-10 1.95077234141e+00 -4.81091989581e-02 2.18535381312e-08
2.50000000000e-01 2.64755897792e+01 5.41729408252e-08 5.39878335740e-03 2.55101889492e-10 2.40680746239e-10 2.93364291401e-10 2.01427890183e+00 -5.02289810047e-02 2.76598182389e-08
2.60000000000e-01 2.58604837449e+01 7.03776378917e-08 5.70482901775e-03 2.55192464742e-10 2.41246563479e-10 2.93864126625e-10 2.08915619824e+00 -5.27666720320e-02 3.46457755952e-08
2.70000000000e-01 2.51980506861e+01 9.08477367333e-08 5.98959733776e-03 2.55276628511e-10 2.41815869741e-10 2.94417099091e-10 2.17586257624e+00 -5.57590795568e-02 4.29407042840e-08
2.80000000000e-01 2.44799663642e+01 1.16465094400e-07 6.25291777692e-03 2.55354861119e-10 2.42387355617e-10 2.95026750190e-10 2.27444139774e+00 -5.92345371563e-02 5.26632364017e-08
2.90000000000e-01 2.37014944066e+01 1.48192357147e-07 6.49516097771e-03 2.55427609111e-10 2.42959600731e-10 2.95696907186e-10 2.38447470905e+00 -6.32108842293e-02 6.39174733407e-08
3.00000000000e-01 2.28628609782e+01 1.87042461396e-07 6.71710516424e-03 2.55495286821e-10 2.43531085507e-10 2.96431726244e-10 2.50507883040e+00 -6.76942482668e-02 7.67901163333e-08
3.10000000000e-01 2.19696507017e+01 2.34038744036e-07 6.91981552928e-03 2.55558278052e-10 2.44100206963e-10 2.97235736337e-10 2.63494359634e+00 -7.26787845569e-02 9.13488215579e-08
3.20000000000e-01 2.10322011205e+01 2.90169839181e-07 7.10454095738e-03 2.55616937830e-10 2.44665298467e-10 2.98113884410e-10 2.77240915144e+00 -7.81473783332e-02 1.07641925726e-07
3.30000000000e-01 2.00642558240e+01 3.56344883730e-07 7.27262964422e-03 2.55671594181e-10 2.45224653174e-10 2.99071582322e-10 2.91556799823e+00 -8.40731709071e-02 1.25699591551e-07
3.40000000000e-01 1.90812785746e+01 4.33354665011e-07 7.42546315647e-03 2.55722549891e-10 2.45776550591e-10 3.00114756122e-10 3.06237693625e+00 -9.04216669001e-02 1.45536304904e-07
3.50000000000e-01 1.80988161772e+01 5.21843209344e-07 7.56440720616e-03 2.55770084226e-10 2.46319285489e-10 3.01249898302e-10 3.21076400505e+00 -9.71531323797e-02 1.67154535213e-07
3.60000000000e-01 1.71311796671e+01 6.22292322968e-07 7.69077675953e-03 2.55814454602e-10 2.46851198134e-10 3.02484123671e-10 3.35871882850e+00 -1.04225003728e-01 1.90549278123e-07
3.70000000000e-01 1.61905652729e+01 7.35019358237e-07 7.80581289795e-03 2.55855898174e-10 2.47370704650e-10 3.03825229531e-10 3.50435949106e+00 -1.11594080418e-01 2.15713159203e-07
3.80000000000e-01 1.52866132894e+01 8.60186555393e-07 7.91066894209e-03 2.55894633352e-10 2.47876326218e-10 3.05281760828e-10 3.64597385925e+00 -1.19218350753e-01 2.42641796728e-07
3.90000000000e-01 1.44263275379e+01 9.97819060115e-07 8.00640361177e-03 2.55930861235e-10 2.48366715841e-10 3.06863080982e-10 3.78203709203e+00 -1.27058378014e-01 2.71339190543e-07
4.00000000000e-01 1.36142486204e+01 1.14782823298e-06 8.09397933123e-03 2.55964766951e-10 2.48840681464e-10 3.08579449077e-10 3.91120951535e+00 -1.35078240946e-01 3.01823002738e-07
4.10000000000e-01 1.28527768988e+01 1.31003703222e-06 8.17426414052e-03 2.55996520924e-10 2.49297204497e-10 3.10442104122e-10 4.03232010081e+00 -1.43246069879e-01 3.34129703409e-07
4.20000000000e-01 1.21425606982e+01 1.48420484007e-06 8.24803600188e-03 2.56026280042e-10 2.49735452995e-10 3.12463357092e-10 4.14434080507e+00 -1.51534247051e-01 3.68319654909e-07
4.30000000000e-01 1.14828899203e+01 1.67004987760e-06 8.31598857801e-03 2.56054188752e-10 2.50154789136e-10 3.14656691454e-10 4.24635640524e+00 -1.59919349829e-01 4.04482291648e-07
4.40000000000e-01 1.08720581289e+01 1.86726812306e-06 8.37873779834e-03 2.56080380073e-10 2.50554770933e-10 3.17036872910e-10 4.33753357699e+00 -1.68381913432e-01 4.42741617110e-07
4.50000000000e-01 1.03076741748e+01 2.07554829877e-06 8.43682872347e-03 2.56104976529e-10 2.50935148472e-10 3.19620069045e-10 4.41709207590e+00 -1.76906080160e-01 4.83262287288e-07
4.60000000000e-01 9.78691701630e+00 2.29458297052e-06 8.49074236795e-03 2.56128091011e-10 2.51295855216e-10 3.22423979579e-10 4.48428015504e+00 -1.85479189271e-01 5.26256583905e-07
4.70000000000e-01 9.30673526915e+00 2.52407610999e-06 8.54090225714e-03 2.56149827577e-10 2.51636995178e-10 3.25467977865e-10 4.53835584473e+00 -1.94091348156e-01 5.71992605694e-07
4.80000000000e-01 8.86399730364e+00 2.76374763074e-06 8.58768057862e-03 2.56170282174e-10 2.51958826843e-10 3.28773264211e-10 4.57857543300e+00 -2.02735013296e-01 6.20804023615e-07
4.90000000000e-01 8.45559953615e+00 3.01333545941e-06 8.63140385068e-03 2.56189543317e-10 2.52261744829e-10 3.32363031516e-10 4.60419037004e+00 -2.11404599256e-01 6.73101755857e-07
5.00000000000e-01 8.07854085543e+00 3.27259568239e-06 8.67235807399e-03 2.56207692697e-10 2.52546260221e-10 3.36262643560e-10 4.61445380013e+00 -2.20096126063e-01 7.29387916646e-07
5.10000000000e-01 7.72997055836e+00 3.54130124460e-06 8.71079336242e-03 2.56224805747e-10 2.52812980479e-10 3.40499826102e-10 4.60863790129e+00 -2.28806909522e-01 7.90272370438e-07
5.20000000000e-01 7.40721620434e+00 3.81923959549e-06 8.74692806851e-03 2.56240952158e-10 2.53062589658e-10 3.45104870661e-10 4.58606306436e+00 -2.37535294999e-01 8.56492166148e-07
5.30000000000e-01 7.10779671362e+00 4.10620959227e-06 8.78095243153e-03 2.56256196352e-10 2.53295829578e-10 3.50110850542e-10 4.54613953399e+00 -2.46280432674e-01 9.28934013862e-07
5.40000000000e-01 6.82942499440e+00 4.40201789296e-06 8.81303178290e-03 2.56270597909e-10 2.53513482393e-10 3.55553848199e-10 4.48842132104e+00 -2.55042090724e-01 1.00865977172e-06
5.50000000000e-01 6.57000346835e+00 4.70647500640e-06 8.84330934712e-03 2.56284211969e-10 2.53716354900e-10 3.61473192482e-10 4.41267086295e+00 -2.63820502220e-01 1.09693459931e-06
5.60000000000e-01 6.32761510104e+00 5.01939111678e-06 8.87190867709e-03 2.56297089587e-10 2.53905264748e-10 3.67911703614e-10 4.31893101156e+00 -2.72616241273e-01 1.19525696824e-06
5.70000000000e-01 6.10051193510e+00 5.34057176722e-06 8.89893576228e-03 2.56309278067e-10 2.54081028628e-10 3.74915942891e-10 4.20759856507e+00 -2.81430124114e-01 1.30538906585e-06
5.80000000000e-01 5.88710265144e+00 5.66981347126e-06 8.92448084618e-03 2.56320821261e-10 2.54244452418e-10 3.82536463063e-10 4.07949104459e+00 -2.90263131094e-01 1.42938526502e-06
5.90000000000e-01 5.68594032107e+00 6.00689932279e-06 8.94861998783e-03 2.56331759850e-10 2.54396323185e-10 3.90828054120e-10 3.93589631314e+00 -2.99116346012e-01 1.56961527930e-06
6.00000000000e-01 5.49571122611e+00 6.35159469287e-06 8.97141639947e-03 2.56342131591e-10 2.54537402896e-10 3.99849977759e-10 3.77859372625e+00 -3.07990909626e-01 1.72877745966e-06
6.10000000000e-01 5.31522538792e+00 6.70364313545e-06 8.99292159058e-03 2.56351971553e-10 2.54668423676e-10 4.09666182181e-10 3.60983661310e+00 -3.16887984653e-01 1.90989659639e-06
6.20000000000e-01 5.14340920869e+00 7.06276266744e-06 9.01317634635e-03 2.56361312326e-10 2.54790084415e-10 4.20345486945e-10 3.43228957786e+00 -3.25808729961e-01 2.11629986676e-06
6.30000000000e-01 4.97930037927e+00 7.42864263749e-06 9.03221156693e-03 2.56370184214e-10 2.54903048529e-10 4.31961725617e-10 3.24892032083e+00 -3.34754282066e-01 2.35156463166e-06
6.40000000000e-01 4.82204491276e+00 7.80094143971e-06 9.05004899256e-03 2.56378615416e-10 2.55007942702e-10 4.44593831712e-10 3.06285346720e+00 -3.43725742338e-01 2.61943310161e-06
6.50000000000e-01 4.67089583414e+00 8.17928535086e-06 9.06670183854e-03 2.56386632186e-10 2.55105356430e-10 4.58325851199e-10 2.87720148950e+00 -3.52724168627e-01 2.92369184705e-06
6.60000000000e-01 4.52521272428e+00 8.56326875763e-06 9.08217536329e-03 2.56394258979e-10 2.55195842205e-10 4.73246862643e-10 2.69489309458e+00 -3.61750570268e-01 3.26801880134e-06
6.70000000000e-01 4.38446104930e+00 8.95245598042e-06 9.09646739233e-03 2.56401518597e-10 2.55279916211e-10 4.89450784055e-10 2.51852069755e+00 -3.70805905604e-01 3.65580635444e-06
6.80000000000e-01 4.24821008623e+00 9.34638478866e-06 9.10956882052e-03 2.56408432301e-10 2.55358059403e-10 5.07036043955e-10 2.35022524949e+00 -3.79891081375e-01 4.08997527454e-06
6.90000000000e-01 4.11612836067e+00 9.74457154613e-06 9.12146411497e-03 2.56415019940e-10 2.55430718868e-10 5.26105093236e-10 2.19162959686e+00 -3.89006953430e-01 4.57279892826e-06
7.00000000000e-01 3.98797586832e+00 1.01465177460e-05 9.13213184014e-03 2.56421300044e-10 2.55498309385e-10 5.46763734491e-10 2.04382273993e+00 -3.98154328371e-01 5.10575893282e-06
7.10000000000e-01 3.86359291406e+00 1.05517175272e-05 9.14154522638e-03 2.56427289929e-10 2.55561215113e-10 5.69120246831e-10 1.90738918946e+00 -4.07333965816e-01 5.68945089055e-06
7.20000000000e-01 3.74288604647e+00 1.09596656418e-05 9.14967280152e-03 2.56433005785e-10 2.55619791349e-10 5.93284287326e-10 1.78247194474e+00 -4.16546581064e-01 6.32355230737e-06
7.30000000000e-01 3.62581212857e+00 1.13698652981e-05 9.15647910355e-03 2.56438462756e-10 2.55674366303e-10 6.19365555267e-10 1.66885524138e+00 -4.25792847989e-01 7.00685557454e-06
7.40000000000e-01 3.51236192214e+00 1.17818353386e-05 9.16192548896e-03 2.56443675014e-10 2.55725242875e-10 6.47472212957e-10 1.56605387592e+00 -4.35073402056e-01 7.73735927942e-06
7.50000000000e-01 3.40254460057e+00 1.21951163254e-05 9.16597104750e-03 2.56448655836e-10 2.55772700384e-10 6.77709066662e-10 1.47339863041e+00 -4.44388843369e-01 8.51240344668e-06
7.60000000000e-01 3.29637436539e+00 1.26092752617e-05 9.16857362868e-03 2.56453417658e-10 2.55816996246e-10 7.10175523886e-10 1.39011091114e+00 -4.53739739695e-01 9.32883016792e-06
7.70000000000e-01 3.19385992132e+00 1.30239088453e-05 9.16969097822e-03 2.56457972145e-10 2.55858367582e-10 7.44963357806e-10 1.31536319333e+00 -4.63126629412e-01 1.01831508227e-05
7.80000000000e-01 3.09499709151e+00 1.34386453040e-05 9.16928197520e-03 2.56462330235e-10 2.55897032742e-10 7.82154326041e-10 1.24832462758e+00 -4.72550024354e-01 1.10717039954e-05
7.90000000000e-01 2.99976443836e+00 1.38531449695e-05 9.16730795131e-03 2.56466502199e-10 2.55933192747e-10 8.21817707934e-10 1.18819300239e+00 -4.82010412520e-01 1.19907929004e-05
8.00000000000e-01 2.90812146412e+00 1.42670998182e-05 9.16373406477e-03 2.56470497679e-10 2.55967032645e-10 8.64007840821e-10 1.13421523164e+00 -4.91508260637e-01 1.29367962424e-05
8.10000000000e-01 2.82000881458e+00 1.46802322266e-05 9.15853069199e-03 2.56474325737e-10 2.55998722774e-10 9.08761749850e-10 1.08569885088e+00 -5.01044016556e-01 1.39062509080e-05
8.20000000000e-01 2.73534988075e+00 1.50922931843e-05 9.15167479252e-03 2.56477994894e-10 2.56028419946e-10 9.56096975931e-10 1.04201689532e+00 -5.10618111472e-01 1.48959081593e-05
8.30000000000e-01 2.65405324988e+00 1.55030601750e-05 9.14315119661e-03 2.56481513164e-10 2.56056268532e-10 1.00600971076e-09 1.00260819712e+00 -5.20230961980e-01 1.59027669738e-05
8.40000000000e-01 2.57601555897e+00 1.59123348998e-05 9.13295376158e-03 2.56484888089e-10 2.56082401484e-10 1.05847334507e-09 9.66974725434e-01 -5.29882971947e-01 1.69240890310e-05
8.50000000000e-01 2.50112441928e+00 1.63199409721e-05 9.12108634360e-03 2.56488126772e-10 2.56106941268e-10 1.11343752537e-09 9.34677187399e-01 -5.39574534226e-01 1.79573998921e-05
8.60000000000e-01 2.42926118906e+00 1.67257216786e-05 9.10756353600e-03 2.56491235906e-10 2.56130000721e-10 1.17082779582e-09 9.05329758375e-01 -5.49306032203e-01 1.90004804697e-05
8.70000000000e-01 2.36030346137e+00 1.71295378674e-05 9.09241113330e-03 2.56494221797e-10 2.56151683853e-10 1.23054587531e-09 8.78594528818e-01 -5.59077841195e-01 2.00513521987e-05
8.80000000000e-01 2.29412720270e+00 1.75312659967e-05 9.07566629255e-03 2.56497090396e-10 2.56172086570e-10 1.29247058855e-09 8.54176043618e-01 -5.68890329708e-01 2.11082585790e-05
8.90000000000e-01 2.23060852596e+00 1.79307963638e-05 9.05737737795e-03 2.56499847315e-10 2.56191297346e-10 1.35645943476e-09 8.31816156950e-01 -5.78743860567e-01 2.21696450642e-05
9.00000000000e-01 2.16962511235e+00 1.83280315147e-05 9.03760349145e-03 2.56502497854e-10 2.56209397836e-10 1.42235074308e-09 8.11289320250e-01 -5.88638791919e-01 2.32341386877e-05
9.10000000000e-01 2.11105731434e+00 1.87228848307e-05 9.01641370799e-03 2.56505047017e-10 2.56226463438e-10 1.48996633178e-09 7.92398351126e-01 -5.98575478135e-01 2.43005283423e-05
9.20000000000e-01 2.05478898035e+00 1.91152792800e-05 8.99388604981e-03 2.56507499534e-10 2.56242563809e-10 1.55911456253e-09 7.74970686878e-01 -6.08554270611e-01 2.53677462767e-05
9.30000000000e-01 2.00070804402e+00 1.95051463215e-05 8.97010624612e-03 2.56509859876e-10 2.56257763337e-10 1.62959366330e-09 7.58855100238e-01 -6.18575518483e-01 2.64348511123e-05
9.40000000000e-01 1.94870691928e+00 1.98924249439e-05 8.94516633379e-03 2.56512132272e-10 2.56272121571e-10 1.70119518491e-09 7.43918840811e-01 -6.28639569258e-01 2.75010125062e-05
9.50000000000e-01 1.89868273867e+00 2.02770608276e-05 8.91916315917e-03 2.56514320723e-10 2.56285693615e-10 1.77370745713e-09 7.30045159551e-01 -6.38746769380e-01 2.85654974633e-05
9.60000000000e-01 1.85053746766e+00 2.06590056121e-05 8.89219684169e-03 2.56516429017e-10 2.56298530491e-10 1.84691892015e-09 7.17131172290e-01 -6.48897464727e-01 2.96276582314e-05
9.70000000000e-01 1.80417792301e+00 2.10382162581e-05 8.86436925650e-03 2.56518460741e-10 2.56310679470e-10 1.92062122389e-09 7.05086019918e-01 -6.59092001059e-01 3.06869216643e-05
9.80000000000e-01 1.75951571826e+00 2.14146544907e-05 8.83578258674e-03 2.56520419296e-10 2.56322184368e-10 1.99461200938e-09 6.93829285986e-01 -6.69330724408e-01 3.17427799234e-05
9.90000000000e-01 1.71646715533e+00 2.17882863128e-05 8.80653798711e-03 2.56522307903e-10 2.56333085832e-10 2.06869731086e-09 6.83289636389e-01 -6.79613981434e-01 3.27947823744e-05
1.00000000000e+00 1.67495307758e+00 2.21590815803e-05 8.77673439038e-03 2.56524129617e-10 2.56343421583e-10 2.14269354191e-09 6.73403649828e-01 -6.89942119733e-01 3.38425285452e-05
1.01000000000e+00 1.63489869640e+00 2.25270136298e-05 8.74646747773e-03 2.56525887338e-10 2.56353226654e-10 2.21642905232e-09 6.64114811736e-01 -7.00315488115e-01 3.48856620133e-05
1.02000000000e+00 1.59623340081e+00 2.28920589520e-05 8.71582882405e-03 2.56527583817e-10 2.56362533599e-10 2.28974526259e-09 6.55372648022e-01 -7.10734436854e-01 3.59238651055e-05
1.03000000000e+00 1.55889055744e+00 2.32541969044e-05 8.68490522022e-03 2.56529221667e-10 2.56371372687e-10 2.36249739959e-09 6.47131978272e-01 -7.21199317906e-01 3.69568543018e-05
1.04000000000e+00 1.52280730650e+00 2.36134094579e-05 8.65377816699e-03 2.56530803368e-10 2.56379772082e-10 2.43455486914e-09 6.39352271033e-01 -7.31710485112e-01 3.79843762500e-05
1.05000000000e+00 1.48792435797e+00 2.39696809731e-05 8.62252352935e-03 2.56532331278e-10 2.56387757999e-10 2.50580130944e-09 6.31997086302e-01 -7.42268294371e-01 3.90062043063e-05
1.06000000000e+00 1.45418579099e+00 2.43229980016e-05 8.59121133605e-03 2.56533807640e-10 2.56395354863e-10 2.57613437371e-09 6.25033592596e-01 -7.52873103802e-01 4.00221355308e-05
1.07000000000e+00 1.42153885879e+00 2.46733491097e-05 8.55990570664e-03 2.56535234584e-10 2.56402585437e-10 2.64546529128e-09 6.18432147848e-01 -7.63525273889e-01 4.10319880737e-05
1.08000000000e+00 1.38993380067e+00 2.50207247209e-05 8.52866488695e-03 2.56536614139e-10 2.56409470953e-10 2.71371825536e-09 6.12165934989e-01 -7.74225167613e-01 4.20355988982e-05
1.09000000000e+00 1.35932366198e+00 2.53651169752e-05 8.49754137402e-03 2.56537948234e-10 2.56416031224e-10 2.78082968186e-09 6.06210644463e-01 -7.84973150569e-01 4.30328217940e-05
1.10000000000e+00 1.32966412278e+00 2.57065196029e-05 8.46658211238e-03 2.56539238707e-10 2.56422284752e-10 2.84674737963e-09 6.00544197076e-01 -7.95769591078e-01 4.40235256405e-05
1.11000000000e+00 1.30091333545e+00 2.60449278108e-05 8.43582874465e-03 2.56540487309e-10 2.56428248823e-10 2.91142966686e-09 5.95146501553e-01 -8.06614860285e-01 4.50075928853e-05
1.12000000000e+00 1.27303177135e+00 2.63803381799e-05 8.40531790152e-03 2.56541695705e-10 2.56433939598e-10 2.97484446309e-09 5.89999242045e-01 -8.17509332254e-01 4.59849182090e-05
1.13000000000e+00 1.24598207637e+00 2.67127485721e-05 8.37508151781e-03 2.56542865486e-10 2.56439372194e-10 3.03696838091e-09 5.85085691490e-01 -8.28453384052e-01 4.69554073503e-05
1.14000000000e+00 1.21972893527e+00 2.70421580463e-05 8.34514716361e-03 2.56543998166e-10 2.56444560762e-10 3.09778583636e-09 5.80390547366e-01 -8.39447395831e-01 4.79189760705e-05
1.15000000000e+00 1.19423894439e+00 2.73685667813e-05 8.31553838109e-03 2.56545095190e-10 2.56449518553e-10 3.15728819248e-09 5.75899786856e-01 -8.50491750902e-01 4.88755492386e-05
1.16000000000e+00 1.16948049253e+00 2.76919760056e-05 8.28627501964e-03 2.56546157938e-10 2.56454257983e-10 3.21547294649e-09 5.71600538871e-01 -8.61586835809e-01 4.98250600202e-05
1.17000000000e+00 1.14542364940e+00 2.80123879333e-05 8.25737356353e-03 2.56547187724e-10 2.56458790696e-10 3.27234296785e-09 5.67480970762e-01 -8.72733040395e-01 5.07674491580e-05
1.18000000000e+00 1.12204006144e+00 2.83298057047e-05 8.22884744768e-03 2.56548185806e-10 2.56463127612e-10 3.32790579122e-09 5.63530187835e-01 -8.83930757866e-01 5.17026643310e-05
1.19000000000e+00 1.09930285452e+00 2.86442333320e-05 8.20070735828e-03 2.56549153382e-10 2.56467278983e-10 3.38217296669e-09 5.59738144056e-01 -8.95180384856e-01 5.26306595833e-05
1.20000000000e+00 1.07718654301e+00 2.89556756493e-05 8.17296151634e-03 2.56550091599e-10 2.56471254437e-10 3.43515946731e-09 5.56095562547e-01 -9.06482321486e-01 5.35513948125e-05
